image_width: 640
image_height: 480
camera_name: left
camera_matrix:
  rows: 3
  cols: 3
  data: [811.662574, 0.000000, 341.511481, 0.000000, 806.013364, 254.871780, 0.000000, 0.000000, 1.000000]
distortion_model: plumb_bob
distortion_coefficients:
  rows: 1
  cols: 5
  data: [0.148564, -0.183430, 0.001836, 0.017988, 0.000000]
rectification_matrix:
  rows: 3
  cols: 3
  data: [1.000000, 0.000000, 0.000000, 0.000000, 1.000000, 0.000000, 0.000000, 0.000000, 1.000000]
projection_matrix:
  rows: 3
  cols: 4
  data: [829.153503, 0.000000, 348.555741, 0.000000, 0.000000, 834.500366, 255.245416, 0.000000, 0.000000, 0.000000, 1.000000, 0.000000]
