image_width: 640
image_height: 480
camera_name: right
camera_matrix:
  rows: 3
  cols: 3
  data: [791.401940, 0.000000, 315.216765, 0.000000, 791.256942, 276.241658, 0.000000, 0.000000, 1.000000]
distortion_model: plumb_bob
distortion_coefficients:
  rows: 1
  cols: 5
  data: [0.202742, -0.514933, 0.015986, 0.012654, 0.000000]
rectification_matrix:
  rows: 3
  cols: 3
  data: [1.000000, 0.000000, 0.000000, 0.000000, 1.000000, 0.000000, 0.000000, 0.000000, 1.000000]
projection_matrix:
  rows: 3
  cols: 4
  data: [813.237244, 0.000000, 320.467092, 0.000000, 0.000000, 811.230469, 281.341955, 0.000000, 0.000000, 0.000000, 1.000000, 0.000000]
